periodic.weight: tensor([[  5.6052188873],
        [  1.6147308350],
        [ -6.8040885925],
        [ -1.9016036987],
        [ -4.1351814270],
        [  5.6404800415],
        [ -1.7206726074],
        [ -0.1757202148],
        [  0.8321380615],
        [ -6.6529674530],
        [  4.9532222748],
        [  4.3194198608],
        [  5.1889877319],
        [  3.2523040771],
        [  2.7430534363],
        [ -5.7654647827],
        [ -1.1027374268],
        [  4.3140792847],
        [ -2.0169677734],
        [  3.2598457336],
        [ -2.8715057373],
        [ -4.6756210327],
        [ -5.3276872635],
        [  1.1246795654],
        [  1.0786895752],
        [ -2.2467956543],
        [ -4.8042221069],
        [ -5.6679382324],
        [  3.6384277344],
        [ -4.0007553101],
        [ -1.4260864258],
        [  1.3132324219],
        [  5.2639884949],
        [  1.9177093506],
        [ -4.9326305389],
        [  5.6864738464],
        [  2.6319694519],
        [  4.5504531860],
        [  6.6020431519],
        [ -6.3756732941],
        [  6.2250404358],
        [ -8.1562881470],
        [  5.0283050537],
        [  6.7539443970],
        [  4.6859226227],
        [ -0.2707443237],
        [  4.5839843750],
        [  1.1769561768],
        [  3.8734741211],
        [ -3.9444274902],
        [  1.5514678955],
        [ -2.2904891968],
        [ -1.6349334717],
        [  3.0415954590],
        [  5.2611236572],
        [  5.4961013794],
        [  4.5430259705],
        [-10.5149040222],
        [  5.6817150116],
        [ -3.6639556885],
        [  4.0810775757],
        [ -0.2113647461],
        [  5.0728836060]], device='cuda:0')
periodic.bias: tensor([ 1.5580749512, -3.1042785645, -3.0165176392, -2.6425857544,
        -2.1765413284, -2.7095537186, -0.1019859314, -1.4731712341,
        -2.0086212158,  1.2462005615, -3.5299530029, -1.1747970581,
        -2.6804542542, -3.5767841339,  1.0723648071,  3.5947113037,
        -2.0534133911, -3.7895202637,  0.3027458191,  1.8777389526,
        -0.5113754272,  3.1065425873, -2.3424377441, -1.8619155884,
         2.9180011749, -0.4861679077,  4.1826171875, -2.2525939941,
        -3.6350669861,  4.8943176270, -2.4494018555,  2.7764892578,
        -5.1480827332,  1.2404232025, -1.9459533691, -3.4896240234,
        -2.1177234650, -4.9792938232,  3.8984088898, -4.0435028076,
        -2.4165983200, -4.2313227654, -3.3630008698, -2.9378509521,
        -3.9433441162,  0.0746917725, -3.9732818604,  0.1587944031,
         1.2625961304,  3.6785049438,  1.0603942871, -0.3563537598,
         0.5946960449, -1.4604797363, -1.7108421326, -3.9334907532,
        -3.3182678223, -6.1126022339, -2.2587127686, -0.0931854248,
        -3.0613479614,  1.7938995361, -3.0969161987], device='cuda:0')
linear.weight: tensor([[-7.9430503845]], device='cuda:0')
linear.bias: tensor([-5.1644744873], device='cuda:0')
time_attn_ts.linears.0.weight: tensor([[ 0.6746006012, -0.1018953323, -0.3615093231,  ...,
          0.3909177780,  0.4828834534,  0.2669191360],
        [-1.0600242615,  0.1603775024,  0.5682220459,  ...,
         -0.6142845154, -0.7588539124, -0.4194126129],
        [ 0.8403167725, -0.1273460388, -0.4505939484,  ...,
          0.4868717194,  0.6016807556,  0.3323755264],
        ...,
        [-1.1809158325,  0.1043430567,  0.5938453674,  ...,
         -0.7197341919, -0.8409500122, -0.5220451355],
        [-1.2064285278,  0.1069805622,  0.6070632935,  ...,
         -0.7352676392, -0.8594055176, -0.5330009460],
        [-1.0296707153,  0.0910732746,  0.5180015564,  ...,
         -0.6275558472, -0.7334671021, -0.4550628662]], device='cuda:0')
time_attn_ts.linears.0.bias: tensor([-0.6052761078,  0.9513587952, -0.7541084290,  0.8586502075,
         0.8857116699, -0.7906532288,  0.9326400757,  0.9837074280,
        -0.4662570953,  0.5368309021, -0.5549888611, -0.5837116241,
         0.5398483276, -0.5700359344, -0.4903850555,  0.6623802185,
        -0.9278373718,  1.1226997375,  0.4058399200,  0.9251899719,
         1.0121650696, -0.8975639343, -0.9593276978,  0.8074455261,
        -1.0152664185, -1.1055259705,  1.0834617615,  1.2661209106,
        -0.8954238892,  0.9138488770, -1.2863922119, -1.2350158691,
         1.0583572388,  0.8559875488, -0.8451156616,  1.2682571411,
         1.1862945557, -0.7224845886,  0.9382324219,  0.9428405762,
         1.1438941956, -0.8610534668, -0.8784065247, -0.9809036255,
        -0.9797554016, -0.7963294983,  0.9975166321,  0.8585815430,
        -0.9545211792, -0.9569587708, -1.0146369934, -0.9530563354,
         1.0217742920, -0.9737701416,  1.0639076233,  0.8871154785,
        -1.0252838135, -1.0613784790, -0.9591140747, -0.9804763794,
        -1.1485900879,  1.0980834961,  1.1218185425,  0.9573898315],
       device='cuda:0')
time_attn_ts.linears.1.weight: tensor([[ 0.3843841553, -0.7209243774, -0.5176458359,  ...,
         -0.0999007225,  0.2824063301, -0.3514900208],
        [-0.4645671844,  0.8820114136,  0.6312294006,  ...,
          0.1256971359, -0.3419861794,  0.4326133728],
        [ 0.2938451767, -0.5551910400, -0.3982381821,  ...,
         -0.0781705379,  0.2162299156, -0.2716054916],
        ...,
        [-0.5839004517,  1.0797500610,  0.7594451904,  ...,
          0.1524486542, -0.4095458984,  0.5330162048],
        [-0.5885467529,  1.0876846313,  0.7651596069,  ...,
          0.1534976959, -0.4127197266,  0.5366744995],
        [-0.5644226074,  1.0475540161,  0.7358016968,  ...,
          0.1493988037, -0.3957481384,  0.5182228088]], device='cuda:0')
time_attn_ts.linears.1.bias: tensor([-2.0388960838e-03, -2.8284192085e-03,  3.9410591125e-04,
         3.7820339203e-03, -4.1890740395e-03,  6.4256787300e-03,
        -6.4879059792e-03, -3.4413337708e-03, -3.5319924355e-03,
        -9.8216533661e-04, -1.4560222626e-03, -1.3815760612e-03,
        -1.3870000839e-04, -3.6227703094e-04,  2.3860335350e-03,
         4.6110153198e-04, -2.9460191727e-03, -1.4200210571e-03,
         1.5010237694e-03, -3.2981634140e-03,  2.4720430374e-03,
         2.3159980774e-03,  4.5031905174e-03,  5.7587623596e-03,
         1.8236637115e-03,  1.7106533051e-05,  5.1566958427e-03,
        -1.6815066338e-03, -2.9313564301e-04, -3.1089782715e-04,
        -3.2284855843e-03,  3.2021999359e-03, -6.3657760620e-05,
        -1.5389919281e-04,  3.4272670746e-05,  4.9901008606e-04,
        -7.6323747635e-04, -1.9875764847e-03, -1.0876655579e-03,
        -1.0418891907e-04,  7.3623657227e-04,  1.3691186905e-04,
         4.1934847832e-03, -5.0199031830e-04,  3.4117698669e-04,
         5.3423643112e-04, -4.1624903679e-03, -2.9322504997e-03,
         2.0537376404e-03,  2.4096965790e-03,  1.5835762024e-03,
         2.8115510941e-03, -1.6760230064e-03,  2.4694204330e-03,
        -3.3078789711e-03, -1.0557174683e-03, -2.9754638672e-04,
         2.8167366982e-03,  1.1668801308e-03,  1.6033053398e-03,
         1.9151568413e-03,  2.3570060730e-03,  2.6487112045e-03,
         1.4322996140e-04], device='cuda:0')
time_attn_ts.linears.2.weight: tensor([[  1.2534179688,   9.3554687500,  -8.7922363281,  ...,
           3.8895263672,   0.9101562500,   4.9280471802],
        [ 25.9892578125, -14.3089599609,  22.1372070312,  ...,
          12.5588378906,  -2.8007812500,  20.6391601562],
        [  7.5666503906, -15.1182861328, -12.9187622070,  ...,
           4.3496093750,   6.7700195312,   8.9861450195],
        ...,
        [ 15.2919044495, -17.0766601562,  -8.7119140625,  ...,
          10.0187988281,   3.2675781250,  23.0029296875],
        [-25.1859130859,  30.7084960938,  33.6700439453,  ...,
         -16.4179687500, -14.2568359375, -25.9179687500],
        [-10.1087646484,  22.1133422852,  13.7414550781,  ...,
         -11.8672485352, -12.1372070312, -15.2402954102]], device='cuda:0')
time_attn_ts.linears.2.bias: tensor([   4.9349746704,   20.4638671875,   11.7453918457,  -31.9472656250,
         -49.5937500000,  -30.9768066406, -117.7343750000,   17.1777343750,
          -1.4050292969,   10.1787109375,    1.7565917969,    2.7673645020,
           2.2368164062,  -60.9492187500,   10.7866210938,   -2.3107910156,
         -47.6699218750,    8.5166015625,  -18.8848876953,  -23.5732421875,
          15.0800781250,   12.4379882812,  -11.5644531250,   39.6113281250,
         -41.5019531250,   24.9721679688,   36.6728515625,  -13.4145507812,
          54.2500000000,  -15.7880859375,   -8.1303710938,  -17.0936279297,
         -74.1250000000,  -30.1210937500,   12.9191894531,    6.8305664062,
           0.5610351562,    9.5694274902,   61.5292968750,  -27.2016601562,
          11.6660156250,  -11.9873046875, -113.3007812500,   30.0371093750,
          19.3945312500,  -42.7343750000,    2.2573242188,  -29.0019531250,
           0.3784179688,   28.2070312500,   -9.3540954590,    7.0410156250,
           1.7951660156,   -4.5177917480,   50.0332031250,  -11.4677734375,
          23.3291625977,    4.9274902344,    1.0738525391,  -11.0761718750,
          90.2343750000,    4.3494873047,   55.9941406250,  -14.4714355469,
          74.9101562500,  -65.3125000000,   18.3896484375,   32.8369140625,
          27.9443359375,   45.4814453125,  -38.8388671875,   25.3173828125,
          -7.6748046875,  -10.0356445312,  -48.7617187500,  -16.4956054688,
          44.1455078125,   -6.0336914062,   30.4423828125,    0.5911865234,
          11.8393554688,   -3.1855468750,  -21.6210937500,  -20.1459960938,
         -13.9200439453,  -12.4169921875,  -47.4921875000,  -23.5932617188,
         -22.1972656250,   32.7400512695,   12.7636718750,   72.8554687500,
          27.9628906250,    6.4831542969,   20.1738281250,   11.8342285156,
          -6.5446777344,   48.6484375000,   21.4559326172,  -27.9746093750,
          -2.3735809326,  -10.2568359375,  -34.4921875000,   33.8881835938,
         -27.3762207031,  -32.4895019531,   34.3256835938,    4.6000976562,
         -16.2067871094,   -2.6601562500,   20.9765625000,  -24.7978515625,
         -12.0859375000,   44.1347656250,   18.5305175781,   27.5200195312,
         -19.9082641602,  -12.7189941406,  -15.7272338867,  -14.6972656250,
          10.3053894043,   36.2949218750,    3.1008300781,    9.9445800781,
         -31.7128906250,   24.9785156250,  -28.7773437500,  -18.0072631836],
       device='cuda:0')
proj_ts.weight: tensor([[[ 7.8972518444e-01],
         [-9.5585823059e-02],
         [-4.4328927994e-02],
         ...,
         [ 1.6259908676e-02],
         [-1.8465518951e-04],
         [ 2.2051930428e-03]],

        [[-5.9410333633e-01],
         [ 8.5647761822e-01],
         [ 1.2333739996e+00],
         ...,
         [ 4.9239277840e-02],
         [-2.5320053101e-04],
         [-9.5368754864e-01]],

        [[ 5.3285503387e-01],
         [-6.3876903057e-01],
         [-3.7640142441e-01],
         ...,
         [ 5.9758424759e-03],
         [ 3.0231475830e-04],
         [ 2.3824274540e-02]],

        ...,

        [[ 1.1707801819e+00],
         [-1.3554644585e+00],
         [-8.9839339256e-01],
         ...,
         [ 1.1371910572e-02],
         [-1.3399124146e-04],
         [ 6.4945518970e-02]],

        [[-2.2660534382e+00],
         [ 2.0257933140e+00],
         [ 1.1094155312e+00],
         ...,
         [-6.2027215958e-02],
         [-7.0929527283e-06],
         [-1.1404967308e-01]],

        [[ 1.5184048414e+00],
         [-1.0754356384e+00],
         [-6.3136482239e-01],
         ...,
         [ 7.8156590462e-03],
         [-6.8998336792e-04],
         [-1.4865100384e-02]]], device='cuda:0')
moe.gate.1.weight: tensor([[-1.6669464111e+00,  2.7424049377e+00, -6.9539642334e-01,
          ..., -1.9666957855e-01,  2.9888153076e-03,
         -1.1975097656e-01],
        [-6.3047313690e-01,  9.9024343491e-01, -2.0867443085e-01,
          ..., -9.5278024673e-02, -3.5762786865e-05,
         -8.3038330078e-02],
        [ 2.4227905273e-01, -7.8747749329e-02, -1.9632148743e-01,
          ...,  1.4142143726e-01,  8.8644027710e-04,
          1.8077659607e-01],
        ...,
        [-6.9194793701e-02,  2.3619294167e-02,  1.6898643970e-01,
          ..., -1.6851788759e-01,  8.1419944763e-04,
         -2.2754150629e-01],
        [ 2.1764853001e+00, -3.6507000923e+00,  1.3308267593e+00,
          ..., -1.5731120110e-01, -7.7576637268e-03,
         -4.1582393646e-01],
        [-2.5292968750e+00,  4.1796875000e+00, -1.0363769531e+00,
          ..., -3.0236816406e-01,  0.0000000000e+00,
         -2.0434570312e-01]], device='cuda:0')
moe.gate.1.bias: tensor([ 2.1935958862e+00,  7.5571441650e-01,  2.5920867920e-02,
         1.7011702061e-02,  2.7981371880e+00, -9.6973991394e-01,
         0.0000000000e+00, -3.3410060406e-01,  2.9032826424e-03,
        -3.0723452568e-01, -3.2992243767e-02,  2.6750564575e-04,
        -1.7646789551e-02, -5.6689113379e-01, -3.4918823242e+00,
         2.1306591034e+00, -1.1377563477e+00,  3.9630126953e-01,
        -1.9403572083e+00,  1.7989158630e-02,  4.9743652344e-03,
        -3.6406517029e-02,  6.2148571014e-03,  2.9481506348e+00,
        -5.9234619141e-01, -7.0673108101e-02, -1.0575833321e+00,
        -2.4495849609e+00, -6.6063804626e+00, -1.8606185913e-02,
         0.0000000000e+00,  3.6567687988e-02,  1.5640258789e-02,
        -3.5464763641e-05, -5.0454318523e-02, -9.7006559372e-03,
        -4.4949054718e-01, -5.3710937500e-01, -3.7464923859e+00,
         1.0233402252e-02,  4.7072356939e-01,  1.8491706848e+00,
        -7.9296410084e-02,  3.0364990234e-03, -3.1835937500e-01,
        -4.7931861877e+00, -2.6828050613e-04, -3.3178710938e-01,
        -2.6549224854e+00,  8.1908702850e-04, -3.0037841797e+00,
        -2.8034973145e-01, -9.5156669617e-02,  0.0000000000e+00,
         0.0000000000e+00,  0.0000000000e+00, -4.6002578735e+00,
        -1.4150142670e-04, -1.0749373436e+00,  4.3930053711e-02,
         3.0410766602e-02,  0.0000000000e+00,  0.0000000000e+00,
         3.0906939507e-01,  5.0163269043e-04, -3.9623737335e-01,
         2.3681640625e+00,  9.0434265137e-01,  5.9871613979e-01,
         0.0000000000e+00,  1.7391736507e+00, -7.8579330444e-01,
        -1.2697997093e+00, -4.9786491394e+00,  0.0000000000e+00,
         4.4703483582e-04,  2.4432849884e-01,  1.6643497944e+00,
         4.7516822815e-04, -8.6306953430e-01, -2.2387924194e+00,
        -9.1810989380e-01, -8.3237886429e-04,  0.0000000000e+00,
        -4.6145057678e+00, -5.3131103516e-01, -3.5069751740e-01,
         2.0432293415e+00, -4.3346285820e-02, -4.2256507874e+00,
        -2.4552974701e+00,  0.0000000000e+00,  1.9969093800e+00,
        -3.3878326416e-02,  2.1530151367e-02, -4.5693516731e-03,
         2.1624612808e+00,  8.7203979492e-03, -2.8002929688e-01,
        -2.2850570679e+00,  7.7114343643e-02, -5.1254272461e-02,
         7.4218750000e-01,  1.6989583969e+00,  7.8277587891e-03,
         1.8393421173e-01, -2.9267921448e+00,  2.2299995422e+00,
        -4.4944992065e+00,  6.2602996826e-02, -4.6042203903e-01,
         2.9281616211e-02,  0.0000000000e+00,  2.1825361252e-01,
         9.5940828323e-03, -6.6365051270e-01,  0.0000000000e+00,
         3.5888671875e-02,  8.1103515625e-01, -1.9925937653e+00,
         0.0000000000e+00, -1.7659502029e+00,  2.1930923462e+00,
        -1.6282901764e+00,  0.0000000000e+00, -1.6097867489e-01,
        -3.4358444214e+00,  3.2846679688e+00], device='cuda:0')
moe.gate.3.weight: tensor([[ 1.4744873047e+00, -1.0982376099e+01, -3.3111572266e-03,
          5.0630855560e-01, -5.9357137680e+00, -6.0627441406e+00,
          0.0000000000e+00, -1.0948600769e+01, -1.4420127869e-01,
          1.9144196510e+00, -6.0357856750e-01, -1.0903835297e-01,
          3.6651611328e-02, -2.7379722595e+00, -8.5024108887e+00,
         -1.3807846069e+01,  9.7265625000e-01,  7.8691406250e+00,
         -3.3866363525e+01, -2.7803421021e-01, -1.5541076660e-02,
         -1.4416992664e-01, -9.9899291992e-02, -1.4908447266e+01,
          6.8183593750e+00, -5.9674639702e+00, -2.1664001465e+01,
         -9.2226562500e+00, -3.3807174683e+01, -1.0970153809e+00,
          0.0000000000e+00, -2.0083618164e-01, -8.4543228149e-04,
         -3.6220550537e-03, -1.1109779358e+01, -9.8596191406e-01,
         -4.2493286133e+00, -2.1035156250e+00, -5.3454399109e+00,
         -6.2776565552e-02, -1.5505853653e+01, -1.6975994110e+00,
          2.5657520294e+00, -7.8659057617e-03,  3.4985351562e-01,
         -1.5973144531e+01, -1.0026931763e-02,  6.2011718750e-01,
         -2.2869476318e+01, -1.2679862976e-01, -3.1792968750e+01,
         -1.5085449219e+00, -1.9248962402e+00,  0.0000000000e+00,
          0.0000000000e+00,  0.0000000000e+00, -8.9210510254e+00,
         -1.1825561523e-03, -4.0503997803e+00, -2.1320343018e-01,
         -1.3030624390e-01,  0.0000000000e+00,  0.0000000000e+00,
         -2.6496353149e+01, -2.2621154785e-03,  6.8851776123e+00,
         -1.4697265625e+01, -9.8347167969e+00, -1.4229125977e+00,
          0.0000000000e+00, -5.8848533630e+00,  8.4791183472e-01,
         -8.5359954834e+00, -1.4919555664e+01,  0.0000000000e+00,
         -9.2089176178e-05,  8.1188840866e+00, -1.7376686096e+01,
         -3.0479431152e-03, -6.4789123535e+00, -1.6361045837e+01,
          3.7968044281e+00, -2.0931959152e-01,  0.0000000000e+00,
         -1.7846969604e+01,  2.8747558594e+00, -1.8834663391e+01,
         -1.3171327591e+01,  2.8530540466e+00, -1.1007759094e+01,
         -1.9439727783e+01,  0.0000000000e+00, -1.2586749077e+01,
          1.1362304688e+00, -6.3354492188e-02, -1.9680633545e+00,
         -1.9193939209e+01, -1.8798828125e-01,  2.7675781250e+00,
          4.5964851379e+00,  8.0320281982e+00,  7.4546813965e-02,
         -3.3632812500e+00, -1.4546966553e-01, -7.9803466797e-03,
          2.9540824890e+00, -2.8044189453e+01, -8.8411102295e+00,
         -1.3641342163e+01, -3.5052490234e-01,  3.0505433083e+00,
          4.2968750000e-02,  0.0000000000e+00,  4.0307426453e+00,
         -1.2527346611e-02, -2.0655902863e+01,  0.0000000000e+00,
         -2.3803710938e-02,  1.1466796875e+01, -4.3134155273e+00,
          0.0000000000e+00, -1.9498794556e+01, -4.0130157471e+00,
         -7.4281311035e+00,  0.0000000000e+00,  2.2919120789e+00,
         -7.7526397705e+00, -1.4068359375e+01]], device='cuda:0')
moe.gate.3.bias: tensor([-16.9969024658], device='cuda:0')
trans_ts_mem.layers.0.pre_self_attn_layer_norm.0.weight: tensor([ -1.7058502436,   1.2621006966,  -1.8211930990,  -0.6403827667,
         -1.1648235321,   2.1208598614, -12.3652324677,  -1.7271406651,
          0.8106036186,   0.5956206322,  -0.1079645604,  -0.0193031132,
          0.2392588556,  -3.5030193329,  -4.1635470390,   0.1786735654,
         -1.7091197968,  -1.3219547272,   1.2943340540,  -0.4677741230,
         -1.3896021843,   1.4435218573,  -0.5380828977,  -0.4413033724,
          0.7991392612,  -0.4647018611,   2.4285888672,   0.9353858232,
         -5.6964497566,   0.0270150322,  -1.9426445961,   3.1915776730,
         -5.7144122124,  -0.4335231781,  -2.7035818100,  -0.4527071714,
          0.4054876864,   1.0540608168,  -1.4062204361,   1.4060673714,
          0.6906979084,  -0.9738216996,  -3.5277943611,   4.2523908615,
         -3.3421082497,  -4.3448624611,  -4.2406435013,   3.9124422073,
         -0.7340046167,  -2.3423404694,  -0.2392076552,  -1.7091330290,
          0.2879215479,  -0.0850211158,  -6.2776627541,   0.1047046185,
         -0.9788844585,   0.4172884524,   1.9958556890,   0.6241465807,
        -10.4572134018,  -2.7156586647,  -2.9807851315,   0.0506175533,
         -5.1215867996,  -6.0948677063,   0.1287629604,  -3.6233658791,
          0.8582648039,  -7.7509727478,   1.2637815475,   1.3174815178,
         -4.0083589554,   1.6392347813,   0.4300544858,  -1.3459774256,
          1.1473021507,  -0.5009926558,  -3.2331001759,   0.0723344088,
         -2.2090671062,  -0.3658017516,   3.3172545433,  -3.7025501728,
          0.7490047216,   2.1828758717,  -3.9400773048,  -2.8936030865,
         -1.4593203068,   0.3790558577,  -2.0729691982,  -6.0203218460,
         -0.7854514122,  -0.4574172497,   1.4536377192,   4.5248131752,
          1.3760401011,   6.4084892273,  -6.0400915146,  -6.6049308777,
          0.2459516376,   0.0984531939,  -0.0759141445,   2.1556921005,
         -2.4495525360,  -0.1267601252,   4.6185474396,   0.0467946678,
          0.0911582708,  -2.1098246574,  -1.0049169064,   0.8533656597,
         -0.4544203877,   2.0952010155,   1.7579365969,   2.2542319298,
          0.5413947105,  -1.9471457005,   1.6246674061,  -1.6705961227,
         -0.8468341827,  -2.7829740047,   0.5867437720,   0.0176500082,
         -1.8702116013,   1.7195427418,  -0.4853212833,  -0.1290317327],
       device='cuda:0')
trans_ts_mem.layers.0.pre_self_attn_layer_norm.0.bias: tensor([  4.3102269173,   2.3521332741,   2.1825258732,   1.1255912781,
         -4.4543972015,  -2.0078794956,  -7.1236252785,   2.1744830608,
         -1.6765949726,   1.7353727818,   0.3273971677,   0.8191279173,
         -0.0327218175,  -7.3330178261,   5.0747632980,  -0.3804035783,
         -0.6729034185,  -3.0006928444,  -6.9070720673,  -2.1410284042,
          5.2774648666,   3.5237526894,   1.2977814674,   2.1122670174,
         -4.1633534431,   1.9633755684,   4.8817920685,   0.7526891232,
          8.3610391617,   0.2135471702,  -9.2095079422,  -6.6757674217,
         -7.8115634918,   0.7291157842,  -2.6085152626,  -0.5164635181,
         -2.3550448418,   2.0354251862,   3.5525522232,  -4.5545048714,
          0.7532179952,  -5.1795306206, -13.5628948212,   5.5243520737,
         -0.7365493774,   2.6430644989,   8.9516620636,  -4.2651658058,
          8.2224864960,  11.1694440842,  -5.0259361267,  -1.6181039810,
         -1.7290815115,   1.1952290535,  12.5603446960,  -5.6369009018,
         -4.3607668877,  -1.3338525295,   4.2316718102,  -2.7986235619,
         12.2426881790,   4.1876044273,   4.6081743240,  -0.2907387018,
          4.3551645279,  -4.4091491699,   7.2091617584,   6.0819292068,
         10.2071800232,   7.2692546844,  -6.2460684776,   3.5423555374,
         -8.4485645294,  -2.0908904076,   1.7696112394,  -2.4307363033,
          6.7094869614,   1.1816694736,   9.8204154968,  -2.6105072498,
         -0.6618928909,  -0.7093614936,  -5.9633617401,  -6.6545810699,
         -1.8011643887,   2.6818406582,  -4.0734009743,  -6.2578005791,
         -7.1699280739,   6.9295258522,   1.9369072914,   4.6154265404,
         -3.6091537476,  -2.8590493202,  -2.5481109619,   6.7858147621,
          1.9455229044,   9.7487239838,   9.1336212158, -10.4962844849,
          0.5402042270,  -3.5053658485,  -9.4376907349,   7.2530641556,
         -5.9118690491,   0.2790832520,   8.5836791992,   2.1730861664,
         -4.9963746071,   3.9684319496,   4.5179109573,  -1.1900095940,
         -7.2086105347,   4.0002732277,  10.9568777084,  -1.9063534737,
          1.5872014761,  -4.1752376556,  -6.9187884331,  -5.8046302795,
          1.4293372631,   1.0540776253,  -2.5976626873,   3.8556017876,
         -6.5663580894,   6.6126146317,  -7.2594947815,  -1.4023499489],
       device='cuda:0')
trans_ts_mem.layers.0.post_self_attn_layer_norm.0.weight: None
trans_ts_mem.layers.0.post_self_attn_layer_norm.0.bias: None
trans_ts_mem.layers.0.pre_encoder_attn_layer_norm.0.weight: tensor([-3.9582104683e+00, -7.9065303802e+00, -2.9972050190e+00,
         1.2774686813e+01, -7.7643513680e+00,  7.8918404579e+00,
        -2.3840069771e-01,  4.2095863819e-01, -3.7961566448e-01,
        -2.5274500847e+00,  2.1199953556e-01,  2.3405482769e+00,
         7.8065532446e-01, -1.1222140312e+01,  6.9031667709e-01,
        -3.8102579117e-01, -5.4384422302e+00,  6.7508654594e+00,
         8.1891918182e-01, -6.9318537712e+00, -3.9089093208e+00,
         2.4549188614e+01, -2.0957539082e+00, -1.8629425764e+00,
         8.4483642578e+00, -9.9440181255e-01,  1.1329673767e+01,
        -6.5918560028e+00, -7.5741605759e+00, -1.1559544802e+00,
        -2.3771104813e+00,  8.7253313065e+00, -8.1073703766e+00,
         5.6051445007e-01,  6.9542732239e+00,  1.0380033493e+01,
         9.8437368870e-01,  1.6129596233e+00, -1.0492074966e+01,
        -2.9735350609e+00,  9.5540785789e-01, -2.1884350777e+00,
        -8.1061706543e+00,  8.2192268372e+00, -4.1087450981e+00,
        -1.1329870224e+01,  8.3683309555e+00, -6.7285351753e+00,
         8.3247691393e-01, -2.6468362808e+00, -6.4250040054e-01,
        -7.1254334450e+00,  5.5802369118e-01, -8.4692366421e-02,
        -2.0282492638e+00,  3.6537990570e+00,  7.2446999550e+00,
         9.4963216782e-01,  2.6804106236e+00, -1.0332215309e+01,
        -6.2559990883e+00,  6.2021274567e+00,  7.4071102142e+00,
         1.6478792429e+00, -4.3612372875e-01, -2.2418322563e+00,
        -5.0026950836e+00, -1.3335012436e+01, -3.1425244808e+00,
        -7.9546318054e+00,  1.2777493000e+00,  7.8057985306e+00,
         2.5465781689e+00,  4.7800655365e+00, -5.2541174889e+00,
        -9.0676832199e-01,  3.8247458935e+00, -1.0936498642e-02,
        -5.0057649612e-01, -5.7913064957e-01,  7.8116190434e-01,
         1.3113271713e+01, -3.9918820858e+00, -1.3434576988e+00,
        -1.7282569408e+00,  3.7828660011e+00, -3.8193860054e+00,
        -3.2127783298e+00, -6.3244557381e-01, -6.6182551384e+00,
         1.6318819523e+00, -1.0608016014e+01,  1.7569658279e+01,
         5.4046058655e+00, -2.2212274075e+00,  4.2208850384e-01,
         4.5987739563e+00, -5.3291473389e+00,  1.0460693836e+00,
        -2.7572071552e-01, -4.6276724339e-01, -1.7109113932e-01,
        -3.4547777176e+00,  3.7910442352e+00, -2.7049789429e+00,
         3.9905536652e+01,  1.4683905602e+01,  6.4136847854e-02,
         6.1549148560e+00,  1.7628374100e+01, -7.1521866322e-01,
        -1.4163750410e+00, -7.9886281490e-01,  1.1104152679e+01,
        -7.0601367950e-01, -5.6553716660e+00,  5.3982675076e-01,
        -9.5748913288e-01,  1.5599287033e+01, -9.7777688503e-01,
         4.5254616737e+00, -6.6923069954e+00,  6.0121493340e+00,
         4.6583232880e+00, -1.3163579941e+01, -1.1280100346e+00,
         7.0390224457e-02,  6.0006099939e-01], device='cuda:0')
trans_ts_mem.layers.0.pre_encoder_attn_layer_norm.0.bias: tensor([-8.2209835052e+00, -2.5751299858e+00,  1.1048457623e+00,
        -1.1826083183e+01,  6.3780918121e+00, -3.3508558273e+00,
         3.6564292908e+00, -2.4869358540e-01,  8.5459291935e-01,
        -7.9028902054e+00,  1.6495480537e+00, -2.7657866478e+00,
         5.2352085114e+00,  2.0105212927e-01,  4.2017412186e+00,
         2.2387290001e+00,  9.8795423508e+00,  2.1097652435e+01,
        -1.6292550564e+00,  4.5797400475e+00, -8.1063145399e-01,
         1.6013603210e+01, -1.9728004932e-02, -4.3913960457e+00,
        -6.0369563103e+00,  4.8355073929e+00,  6.8130712509e+00,
        -1.0722025871e+01, -1.1383272171e+01,  7.3159365654e+00,
         1.8165737152e+01, -7.3965940475e+00,  6.9502568245e+00,
        -8.8195877075e+00,  3.4769532681e+00,  1.4614534378e+01,
        -2.5381176472e+00,  1.9881938696e+00, -7.6977458000e+00,
         2.1870213747e-01,  2.6543319225e+00, -8.0611820221e+00,
         7.2082269192e-01, -7.8039056063e-01, -1.2603404522e+00,
         7.0462031364e+00, -1.3066468239e+01, -2.2591876984e+00,
         1.6511491776e+01,  1.5995526314e+00, -1.0226064682e+01,
        -8.9791707993e+00,  2.5022473335e+00, -2.8719613552e+00,
         8.5604858398e+00,  1.9965317249e+00,  1.0624403000e+01,
         3.8271605968e+00,  2.6137437820e+00,  1.3372601509e+01,
        -8.2643852234e+00, -1.7896995544e+01, -7.0339341164e+00,
        -1.2849466801e+00, -5.9682440758e+00,  6.1564290524e-01,
        -5.2686280012e-01,  1.1512823105e+01, -7.7729144096e+00,
         5.2111830711e+00, -1.0692672729e+00,  6.2646961212e-01,
        -4.6136178970e+00, -3.1578469276e+00,  8.2263460159e+00,
         3.0095267296e-01,  6.7832322121e+00,  4.6446709633e+00,
        -1.6566381454e+00,  1.3307213783e-01, -6.0881197453e-01,
        -1.8447305679e+01,  4.7159099579e+00,  4.5411243439e+00,
         7.7974023819e+00,  8.9069890976e+00,  1.4096630812e+00,
         2.9431481361e+00,  9.3763341904e+00, -7.1258335114e+00,
        -4.3114542961e+00, -6.8590054512e+00,  1.8820171356e+01,
        -1.0351634026e+00,  4.5323390961e+00,  4.6801276207e+00,
        -3.3067007065e+00, -2.3966424465e+00, -1.6734728813e+00,
         1.8208898306e+00,  4.6573286057e+00,  3.6430108547e-01,
         6.7562637329e+00, -4.3034029007e-01,  6.3076019287e-02,
        -2.6196105957e+01,  1.3452695847e+01, -6.1740026474e+00,
         9.3501405716e+00, -1.2665045738e+01, -1.8358341217e+01,
         2.1673617363e+00,  8.5439128876e+00,  7.7234311104e+00,
        -1.6030807495e+00, -6.2801880836e+00, -1.0472885132e+01,
        -3.2008306980e+00, -1.7708122253e+01,  7.0925912857e+00,
         3.6759634018e+00, -2.9019157887e+00, -6.2865524292e+00,
        -6.9550766945e+00,  1.2165381432e+01, -2.9122364521e+00,
        -3.1435432434e+00,  2.0717114210e-01], device='cuda:0')
trans_ts_mem.layers.0.post_encoder_attn_layer_norm.0.weight: None
trans_ts_mem.layers.0.post_encoder_attn_layer_norm.0.bias: None
trans_ts_mem.layers.0.self_attns.0.in_proj_weight: tensor([[-1.2444257736e-03, -8.8483810425e-02,  7.5370073318e-02,
          ..., -6.0837745667e-02,  5.3164005280e-02,
          5.8948993683e-04],
        [-1.1717748642e-01,  9.2023730278e-02, -1.0181170702e-01,
          ...,  1.2509346008e-02,  8.5680007935e-02,
         -3.0840992928e-02],
        [-8.5225105286e-03,  3.5206794739e-02, -4.4526100159e-02,
          ...,  4.3127536774e-03, -5.2494049072e-02,
         -1.8050670624e-02],
        ...,
        [-2.3496818542e-01,  5.2553367615e-01, -9.9742889404e-02,
          ...,  8.8760375977e-02, -4.7709655762e-01,
          1.1203002930e-01],
        [-6.3193893433e-01,  4.2027473450e-01, -1.6040802002e-01,
          ...,  1.1975860596e-01,  7.5545120239e-01,
          5.4493904114e-02],
        [ 1.5629959106e+00, -1.6536483765e+00,  1.9076461792e+00,
          ..., -6.3723754883e-01, -1.4468383789e+00,
          3.6848449707e-01]], device='cuda:0')
trans_ts_mem.layers.0.self_attns.0.in_proj_bias: tensor([-1.0748243332e-01,  1.2296152115e-01,  7.6364517212e-02,
         6.8959712982e-02,  1.1619377136e-01, -4.1237831116e-02,
         6.9866180420e-03, -8.1663131714e-03, -8.2479000092e-02,
         8.0673217773e-02,  4.5466423035e-03,  3.0289649963e-02,
         2.2348785400e-01, -1.5190124512e-02,  7.5649261475e-02,
         7.5986862183e-02,  4.0454864502e-02, -1.7261743546e-02,
        -8.5516571999e-02, -1.0919570923e-03, -2.1541595459e-02,
        -3.6619186401e-02, -1.0538578033e-01, -2.0741939545e-02,
         1.1947631836e-02, -8.6028575897e-03,  1.2047052383e-02,
        -7.4744701385e-02,  1.1526107788e-02, -1.2670516968e-01,
         7.1249008179e-03, -2.8503417969e-02, -2.7275085449e-03,
         4.7624766827e-02,  5.0003767014e-02,  1.2163400650e-02,
        -1.5976428986e-03,  4.6708583832e-03, -2.0755290985e-02,
         5.7542324066e-03,  1.3099670410e-02, -3.3909320831e-02,
         5.5465698242e-03, -5.8345794678e-03,  9.5643997192e-03,
         3.9925575256e-03, -6.2533915043e-02, -2.5749564171e-02,
        -1.5781819820e-02,  5.5379867554e-02, -2.3240089417e-02,
        -1.2625265121e-01,  6.6019058228e-02,  6.7973136902e-02,
        -8.4075927734e-03, -8.2087516785e-03, -4.6584725380e-02,
         3.1013488770e-02,  3.6067962646e-03,  1.3581752777e-02,
         1.2979269028e-02,  2.4911880493e-02,  9.7935199738e-03,
        -3.3411979675e-02,  6.5964698792e-02,  8.2623958588e-02,
         1.8799543381e-02,  4.2290687561e-03,  1.4471775293e-01,
         1.1545181274e-01,  1.0524320602e-01,  5.4233551025e-02,
         6.0843467712e-02,  8.6297512054e-02, -7.2006344795e-02,
         4.2528152466e-02, -6.3702583313e-02,  8.7766647339e-03,
         9.0931892395e-02,  1.6942024231e-02, -4.9906730652e-02,
        -5.5616378784e-02,  8.5042238235e-02, -5.1809310913e-02,
        -5.4605245590e-02,  1.1093711853e-01, -8.6784362793e-03,
         4.3724060059e-02,  3.7719726562e-02, -1.4273643494e-02,
         1.6305923462e-02, -5.8316707611e-02, -2.1981239319e-02,
        -9.6740722656e-02, -2.0998954773e-02,  3.3138275146e-02,
         2.6848077774e-02,  1.3060474396e-01,  8.2178592682e-02,
         7.1025848389e-02, -2.5386810303e-02,  6.9066047668e-02,
         1.9172668457e-02,  4.3813705444e-02,  3.5200119019e-03,
        -3.5040378571e-02, -3.7718772888e-02,  8.0044746399e-02,
         2.5232315063e-02,  2.5373935699e-02,  2.2063255310e-02,
         5.4727971554e-02, -4.0184497833e-02, -8.9920043945e-02,
         2.9399394989e-02, -4.3245315552e-02,  4.4610977173e-02,
        -2.8028488159e-02,  3.1258583069e-02,  2.5496482849e-03,
         2.0126342773e-02, -7.8441619873e-02,  2.6844024658e-02,
         3.7044525146e-02,  3.7124633789e-02,  2.8278648853e-02,
         1.2619972229e-02, -5.9008598328e-04, -4.0531158447e-05,
         5.3584575653e-05, -6.6757202148e-06,  1.4543533325e-05,
         6.6757202148e-06,  1.4007091522e-05,  6.9737434387e-06,
         5.7816505432e-06, -4.5537948608e-05, -4.7683715820e-06,
         1.4066696167e-05, -2.7060508728e-05, -1.3709068298e-05,
         1.8835067749e-05,  1.2218952179e-05,  3.4570693970e-06,
         7.1525573730e-07,  9.9539756775e-06, -2.5749206543e-05,
        -1.7642974854e-05, -2.9206275940e-06,  4.3511390686e-06,
        -1.3709068298e-05, -4.4107437134e-06, -3.0934810638e-05,
        -1.1324882507e-06,  7.7486038208e-07,  7.7486038208e-07,
        -2.0444393158e-05,  6.9141387939e-06, -1.4305114746e-06,
         7.7486038208e-06,  4.1723251343e-06, -7.9274177551e-06,
         1.8417835236e-05, -3.2126903534e-05,  4.4703483582e-06,
        -1.0192394257e-05,  2.9802322388e-07,  4.1723251343e-06,
        -3.6954879761e-06, -1.9669532776e-06,  1.0550022125e-05,
        -2.7418136597e-06, -1.8477439880e-06, -7.5697898865e-06,
        -7.8678131104e-06, -7.6889991760e-06, -3.3378601074e-06,
         2.1696090698e-05,  1.1444091797e-05,  6.8545341492e-06,
        -9.2983245850e-06,  5.8412551880e-06,  4.1723251343e-06,
         2.6345252991e-05,  4.1127204895e-06,  3.1590461731e-06,
        -3.0398368835e-05,  1.0550022125e-05, -5.4717063904e-05,
        -6.4969062805e-06,  1.7344951630e-05, -3.6954879761e-06,
        -1.1563301086e-05, -4.3511390686e-06, -6.2584877014e-06,
        -1.5795230865e-05,  3.7550926208e-06, -4.4703483582e-06,
        -1.9550323486e-05,  2.2947788239e-05, -1.7285346985e-06,
         1.0132789612e-05, -4.1723251343e-07,  2.3841857910e-07,
        -8.5830688477e-06,  3.0398368835e-06,  2.9265880585e-05,
        -7.1525573730e-07,  1.1920928955e-07, -1.7166137695e-05,
         1.8179416656e-05, -1.1742115021e-05,  3.0398368835e-06,
        -3.2722949982e-05, -4.1127204895e-06,  3.8743019104e-06,
         1.0728836060e-06,  4.4107437134e-06, -2.0265579224e-06,
         9.1791152954e-06,  1.3291835785e-05, -1.0371208191e-05,
        -2.9683113098e-05, -3.9935112000e-06, -9.0003013611e-06,
         2.5570392609e-05, -2.9802322388e-07, -3.9339065552e-06,
        -1.1265277863e-05,  1.8596649170e-05,  1.3768672943e-05,
        -3.9339065552e-06,  2.9504299164e-05, -1.0192394257e-05,
         7.0333480835e-06,  3.1411647797e-05,  7.1525573730e-07,
         1.1324882507e-05, -4.9471855164e-06,  3.4332275391e-05,
        -2.0861625671e-05,  6.6757202148e-06, -1.3113021851e-06,
         1.7881393433e-07, -8.9406967163e-07, -6.5565109253e-07,
        -7.9870223999e-06, -3.0696392059e-05, -1.0132789612e-05,
         2.9146671295e-05,  1.2695789337e-05, -1.1861324310e-05,
         2.5391578674e-05, -7.0333480835e-06,  3.9041042328e-05,
         8.1658363342e-06, -3.3382568359e+00, -5.9404296875e+00,
         2.2211914062e+00, -6.3804931641e+00, -7.3623657227e-01,
         5.9487304688e+00,  3.9277954102e+00,  1.3099060059e+00,
        -1.0215148926e+00, -2.7418212891e+00, -4.3674316406e+00,
        -3.5754394531e+00,  5.2241210938e+00,  2.5395507812e+00,
         6.8413085938e+00,  2.8026123047e+00, -4.1026611328e+00,
        -4.7905273438e+00,  5.5062866211e-01, -2.3082885742e+00,
         4.6442413330e-01,  3.9742813110e+00,  4.6258544922e+00,
        -4.0770263672e+00,  6.7687988281e+00, -1.3238830566e+00,
        -1.1248497963e+00,  2.5686035156e+00,  4.2264404297e+00,
        -1.8469581604e+00, -7.4382324219e+00,  1.1021652222e+00,
        -2.0665283203e+00, -7.4096679688e-01, -1.0456542969e+00,
         6.2791061401e-01, -1.0739135742e+00,  1.2286376953e-01,
         9.4717407227e-01, -1.9031372070e+00, -2.7307128906e+00,
         6.4697265625e-01, -2.6959228516e+00,  2.8886718750e+00,
        -2.7375869751e+00,  3.3337402344e-01, -1.5311126709e+00,
        -2.0611572266e+00,  6.0874023438e+00,  1.7250976562e+00,
         1.0530395508e+00,  2.1755981445e+00,  2.6962184906e-01,
         5.6120605469e+00, -3.0505371094e+00, -3.1530761719e-01,
         6.2707519531e-01,  3.2709350586e+00,  1.4225463867e+00,
         2.1617736816e+00,  4.4995117188e+00, -4.4493408203e+00,
         5.8813476562e+00, -2.3723602295e+00,  2.7558593750e+00,
        -1.2479858398e+00, -5.2463378906e+00,  7.4245605469e+00,
         2.8280029297e+00, -7.5491333008e-01, -1.6448364258e+00,
        -2.4967956543e-01, -9.9853515625e-01, -1.2354125977e+00,
        -1.3974609375e+00, -2.0953369141e+00, -8.6523437500e+00,
         3.9121093750e+00,  4.4936523438e+00, -2.9888916016e+00,
        -1.1197509766e+00, -4.7451171875e+00, -6.3181152344e+00,
        -7.0503234863e-02,  1.1641378403e+00,  2.6953735352e+00,
        -3.7170715332e+00,  3.9192504883e+00,  2.5527343750e+00,
        -4.4062500000e+00, -1.6697311401e-01,  4.9746093750e+00,
         4.5544433594e-01,  3.0197143555e-01, -2.3109741211e+00,
        -7.6689453125e+00, -1.3400878906e+00,  4.3166503906e+00,
        -6.1274414062e+00, -1.8599853516e+00,  1.2326660156e+00,
        -3.3311767578e+00, -8.5678100586e-02, -3.7503662109e+00,
         4.1083984375e+00, -6.6169433594e+00,  4.1872558594e+00,
        -1.1885528564e+00,  5.6101074219e+00, -6.1232299805e+00,
        -8.7970733643e-01, -1.7174682617e+00, -1.4494628906e+00,
        -2.8933715820e+00,  4.2910003662e-01,  1.8626098633e+00,
         2.1130371094e+00,  2.9486389160e+00,  2.5601043701e+00,
        -6.1654052734e+00,  1.8837585449e+00,  1.1429138184e+00,
        -6.8540039062e+00,  2.9032821655e+00, -3.0743408203e+00,
        -2.5926208496e-01,  1.7115020752e-01, -2.9150390625e+00],
       device='cuda:0')
trans_ts_mem.layers.0.self_attns.0.out_proj.weight: tensor([[-0.1668667793,  0.6155319214, -0.3605298996,  ...,
          0.6781082153,  0.2503433228,  0.6755905151],
        [-0.8661117554, -0.0691223145, -0.2149887085,  ...,
         -0.0589542389, -0.4074096680,  0.6788024902],
        [ 0.1763868332,  0.8345003128, -0.4629154205,  ...,
         -0.0833358765, -0.1215376854,  1.2243041992],
        ...,
        [ 0.6482086182,  2.0900878906, -0.7184143066,  ...,
         -0.0817065835, -0.6402969360,  2.0449218750],
        [ 0.1885948181, -1.3363037109,  1.2747268677,  ...,
         -0.4048724174, -0.2297439575, -2.5424804688],
        [ 0.2258911133, -0.4899749756,  0.5157852173,  ...,
          0.1405906677, -0.2299575806, -1.2375793457]], device='cuda:0')
trans_ts_mem.layers.0.self_attns.0.out_proj.bias: tensor([  0.1127929688,   1.4622497559,   1.0473709106,  -2.9375000000,
         -3.9694824219,  -2.5918579102, -10.4643554688,   1.6666259766,
         -0.0156402588,   0.6759033203,   0.3140563965,   0.1587638855,
          0.6219024658,  -4.8732910156,   0.5964660645,  -0.1224212646,
         -4.8132324219,   1.3282165527,  -1.1184196472,  -2.2551879883,
          0.9020996094,   1.0495910645,  -1.0419311523,   3.2589111328,
         -3.4792480469,   2.0658569336,   3.2706298828,  -1.5565795898,
          3.9096679688,  -1.2098388672,  -0.0285034180,  -1.0910644531,
         -6.5551757812,  -2.6904296875,   1.1182403564,   0.5284538269,
          0.2211875916,   0.5090484619,   5.5534667969,  -1.9699707031,
          1.0277099609,  -0.7805824280,  -9.1376953125,   2.0158081055,
          1.5836181641,  -3.6289062500,  -0.6603469849,  -2.1165771484,
         -0.5773925781,   1.8630371094,  -0.6178131104,   0.8763427734,
          0.2307281494,  -0.5177764893,   3.5693359375,  -0.7058868408,
          2.7460784912,   0.3002014160,  -0.1815643311,  -0.4946899414,
          7.1064453125,   0.0750350952,   5.0952148438,  -1.1178741455,
          6.9331054688,  -6.3330078125,   0.9862823486,   2.8657226562,
          1.7910614014,   4.2066650391,  -2.9594726562,   1.8340454102,
         -0.1226806641,  -0.4974060059,  -4.6206054688,  -1.1831054688,
          2.9589843750,  -0.4623107910,   1.8422241211,   0.1231689453,
          1.1503322124,  -0.2627563477,  -1.6641845703,  -1.0392150879,
         -1.0919952393,  -1.1209716797,  -3.7663574219,  -1.6502685547,
         -1.4576416016,   2.4259033203,   1.0274047852,   6.2038574219,
          2.6956748962,   0.8995056152,   2.0343322754,   0.8291168213,
         -0.6559295654,   3.5122070312,   1.1871032715,  -1.7793579102,
         -0.2347412109,  -0.6697692871,  -2.4480285645,   2.5581665039,
         -1.9593601227,  -2.7719116211,   2.5257568359,   0.4675903320,
         -0.8683166504,  -0.6928558350,   1.6480712891,  -1.8094482422,
         -0.5660095215,   3.8522949219,   0.8980102539,   2.6725463867,
         -2.0611839294,  -0.9944915771,  -0.7617645264,  -0.6820678711,
          1.0326712132,   3.8085937500,   0.4551086426,   0.4961230755,
         -2.3239822388,   1.7403869629,  -2.0092163086,  -1.0442352295],
       device='cuda:0')
trans_ts_mem.layers.0.pre_ffn_layer_norm.0.weight: tensor([ 0.0904635787,  0.4045413435, -1.1629153490,  1.9987947941,
         0.2265422046,  4.0823645592, -1.8829329014, -0.2216417640,
         0.1323234886,  1.1325974464,  0.2262367308,  0.2017083764,
         0.7417911291, -0.2650410235, -0.6200297475, -0.0892211646,
        -0.0400158800,  0.1614050865,  0.3948528171, -0.0640873462,
         0.3331692219,  0.8381577134,  0.2790195346,  1.4717131853,
        -0.2495084852, -0.0791902393,  0.0215916932, -1.4053628445,
         0.6741291285,  0.5136268735, -0.0961197615,  0.0415712893,
         0.0465860218,  0.0744940192,  0.0798395723,  0.2377455086,
         0.0314056948,  0.3575979769, -0.0340272747, -0.0360543914,
         1.1135380268,  0.2243139595, -1.0809340477,  1.1092081070,
         3.5947060585,  8.0588951111, -0.0625150800,  2.6230010986,
         0.5468598604, -0.5655856729,  0.1746250093,  1.5601434708,
        -0.0260143504,  0.2732421160, -0.7527607083,  0.1606361419,
         0.5044596195,  0.3020699024,  0.4835487604,  0.3465118408,
        -0.5918512940,  0.1713752449,  1.4270833731,  0.3591693044,
        -1.6322987080, -0.1665715873, -0.1036382616, -0.2943903506,
         0.1030298173,  1.4219406843,  0.2966120541,  0.0376008749,
        -0.5361546874,  1.0147833824,  0.5757123828,  0.8836108446,
         0.7858033180,  0.1383566856, -0.3405290842,  0.3141399622,
        -0.4891380072,  0.7507982254,  1.2334774733, -0.4291515052,
         0.1752585322,  1.5664204359, -1.5140498877, -0.8304968476,
        -0.0426170938,  0.4283223450,  0.5588295460,  0.1800649315,
        -0.5903393030,  0.4995748401,  0.1088011190,  0.5529868603,
         0.5362583995,  1.0386147499,  0.1601173133, -1.9019722939,
         0.3474587500,  0.7735333443, -0.2275666744,  0.7694922686,
        -0.0364545137,  1.1805591583,  0.6153613925,  0.0798191205,
         0.0800069347,  0.0290548056,  0.0323303193,  2.2710065842,
        -0.1426078528,  0.7416272163,  0.4883975387,  0.6420985460,
         0.4434610903, -0.0700738728,  0.7843127251,  0.9372056723,
         0.4033766091, -0.2107858658,  0.1691827923,  1.0863418579,
         0.8037508726, -0.2270961106,  0.4388351142,  0.0096506113],
       device='cuda:0')
trans_ts_mem.layers.0.pre_ffn_layer_norm.0.bias: tensor([ 0.1911560297,  1.3621622324,  2.4363198280, -1.7286895514,
        -0.1301873326, -2.8048241138, -1.0856776237,  1.1740715504,
         0.3390217423,  1.6528487206, -0.3824970126,  0.7923345566,
         1.1306049824, -0.8891232610,  1.6795990467, -0.9102481604,
         0.1824337244, -0.1472480297,  2.3349442482,  0.0704091787,
         0.4959459901,  0.3518193364, -0.8236346841,  2.8134086132,
         1.0606389046,  0.5824958086,  0.4565882087, -2.9913377762,
        -0.7236431837,  0.1849120259, -0.6907650828, -1.3109481335,
        -0.2612873912, -1.7878624201, -0.8981209993,  0.2479446530,
         0.0043280125,  0.4521571994,  2.1479506493,  0.1635731459,
         1.0471650362,  0.5534741879, -3.1939015388,  2.9127073288,
         1.3585000038, -4.1102604866,  0.9674413204, -2.3530566692,
        -0.4045233727,  2.3395602703, -0.9592944384,  3.0557827950,
         1.9081641436, -0.8267329931,  1.7534128428, -0.1190862656,
         0.1266320944, -0.3067628145,  0.5575739145, -0.3899925351,
         0.7226965427, -0.1817574501, -0.8686205745, -0.5004240870,
         2.2482078075, -0.8561705947,  1.2213482857,  0.8553608060,
         1.4105769396, -0.5289178491, -0.4865411520,  0.4153235555,
        -2.2506294250, -0.9720532298,  0.6346241832,  1.6976299286,
         0.6124904752,  0.8750846386,  1.6591808796,  0.9286619425,
        -0.7640855312,  0.0450037718, -3.1657178402, -2.7582406998,
         0.7966489196,  1.7665700912, -2.6747369766, -2.4283790588,
        -1.4247491360,  1.6366856098, -1.2351032495,  0.9755107164,
        -1.7591531277, -0.0107830167,  0.7271133065,  1.6913080215,
         2.5862519741,  2.6183590889, -0.0477816463, -3.3403677940,
        -1.2643766403, -1.9442677498, -1.8876371384,  2.4611079693,
        -0.0063558817, -1.4244496822,  0.7712502480,  1.1974802017,
         0.6918872595,  0.3793628812,  0.8825188279, -1.3084638119,
        -0.9123041630,  1.2708582878,  1.4852631092,  0.0134341717,
         1.1863723993,  0.2173858285, -0.8045486808,  0.5004806519,
         1.4050476551,  0.1971469522, -0.4842239618, -0.2963576913,
        -0.3533343673,  1.7080438137, -2.1737437248,  0.4068608880],
       device='cuda:0')
trans_ts_mem.layers.0.fc1.0.weight: tensor([[ 0.1582794189, -0.0739421844,  0.3383483887,  ...,
          0.1294670105, -0.0131912231,  0.0861358643],
        [-0.0411577225,  0.0253318548, -0.0583553314,  ...,
         -0.0007128716,  0.1296863556, -0.0624885559],
        [ 0.2536048889, -0.1514511108,  0.2096862793,  ...,
          0.0462074280, -0.2752304077,  0.1089859009],
        ...,
        [ 0.0261802673,  0.0187270641,  0.1534547806,  ...,
          0.1016540527, -0.0273208618,  0.0464057922],
        [ 0.0139166713,  0.1230043769, -0.0967068672,  ...,
          0.0217571259,  0.0242660046, -0.0064525604],
        [ 0.0159312487,  0.0273696184, -0.0578389764,  ...,
          0.0127628446, -0.0820767879,  0.0015550852]], device='cuda:0')
trans_ts_mem.layers.0.fc1.0.bias: tensor([-5.7804107666e-01,  1.4017105103e-01, -5.1458740234e-01,
        -5.4849243164e-01,  1.8103027344e+00,  3.1726837158e-01,
        -3.7338256836e-02,  4.1024780273e-01, -3.6355590820e-01,
         6.0217285156e-01, -2.1943473816e-01,  8.1274414062e-01,
        -3.0624389648e-02, -9.1448783875e-02,  8.8790893555e-02,
         6.5364837646e-03,  4.2068481445e-01,  2.7364253998e-01,
        -2.3418426514e-02, -4.1093444824e-01,  6.3998603821e-01,
        -7.0928335190e-02,  8.9596557617e-01, -3.2377243042e-03,
         1.7431259155e-02,  2.1353530884e-01,  4.4897842407e-01,
        -7.2845458984e-02,  8.8603019714e-02,  6.1532592773e-01,
         1.2988281250e-01,  1.7368164062e+00,  1.5353393555e+00,
         1.5876626968e-01,  2.9121208191e-01, -3.4976959229e-02,
        -2.9302597046e-01,  1.0546264648e+00,  3.7961959839e-01,
        -4.7670006752e-02,  1.6315746307e-01,  3.8816261292e-01,
         8.4205627441e-01,  2.7619123459e-01,  7.4249553680e-01,
         1.1043071747e-01, -8.4159851074e-02, -1.1699438095e-01,
        -2.7380943298e-02, -2.2294998169e-02,  1.2333679199e-01,
         9.1556549072e-02, -5.8721923828e-01,  3.3756256104e-01,
         9.5023870468e-02, -6.0769557953e-02,  1.3240051270e-01,
         9.2283964157e-02, -7.0669174194e-02,  8.2125854492e-01,
        -2.1576690674e-01, -6.9735050201e-02,  3.1116485596e-02,
         1.5956592560e-01, -6.3731670380e-03, -7.8338623047e-02,
        -3.1048583984e-01,  2.8601837158e-01,  1.0500030518e+00,
         2.7781605721e-02, -2.1616458893e-01, -9.3823242188e-01,
         9.2200994492e-02, -9.7560882568e-02,  1.7647385597e-01,
        -8.7424039841e-02, -6.8260192871e-02,  8.7118530273e-01,
         1.1963510513e-01,  3.1929016113e-02,  1.2523193359e+00,
         2.9113960266e-01, -2.2650146484e-01,  4.7879219055e-02,
         2.2246360779e-01,  5.7534694672e-02,  1.5272521973e+00,
        -5.8769226074e-01,  1.8524169922e-01, -2.6611328125e-01,
         1.0006771088e+00,  2.8511524200e-01,  6.7350769043e-01,
         3.2731628418e-01,  2.2298431396e-01,  6.1016845703e-01,
        -9.5686340332e-01,  1.5155506134e-01, -1.0486602783e-02,
         2.4962806702e-01,  5.1605224609e-01,  1.2683315277e+00,
         1.5298664570e-02,  1.3929557800e-01,  1.4465332031e+00,
         1.0173749924e-01, -6.5582275391e-01, -2.2184896469e-01,
         3.8691711426e-01,  1.5941238403e-01, -1.8329572678e-01,
        -2.3236083984e-01,  4.5436096191e-01, -5.6044578552e-02,
         1.1461162567e-01,  5.2990722656e-01, -3.2341003418e-01,
        -5.7848548889e-01,  1.4764404297e-01,  2.5764703751e-01,
         1.6614913940e-01,  1.9362258911e-01,  1.9321775436e-01,
        -1.1240005493e-01,  2.2162780762e+00,  3.6969375610e-01,
         9.7189331055e-01, -4.2800903320e-01,  3.8414001465e-01,
         9.4473838806e-02,  2.2212982178e-01,  1.1764373779e+00,
         2.3541641235e-01, -1.2603759766e-01,  4.6995735168e-01,
        -5.0624084473e-01, -1.6582489014e-02, -1.0194702148e+00,
         5.7508850098e-01, -4.6432495117e-02,  1.3508403301e-01,
        -3.9013683796e-02, -1.0076904297e+00,  3.4756851196e-01,
         6.0258865356e-01,  1.9619846344e-01,  5.1689147949e-02,
         9.3450069427e-02,  9.1618347168e-01,  1.3768482208e-01,
         4.4985294342e-02,  1.6806983948e-01,  7.4900627136e-02,
        -6.0302734375e-02,  2.4994468689e-01, -4.1075026989e-01,
         1.9511718750e+00,  2.0658326149e-01,  8.7988281250e-01,
        -9.6118164062e-01,  4.6561050415e-01,  2.3550033569e-01,
         5.1684570312e-01,  2.4032020569e-01, -3.2519626617e-01,
         1.7932701111e-01,  8.6679077148e-01,  9.7995758057e-02,
         4.0377426147e-01,  7.7156305313e-02,  1.7479515076e-01,
         1.5675163269e-01,  1.4745140076e-01,  3.9753246307e-01,
        -2.2622299194e-01,  5.0785827637e-01, -1.0504760742e+00,
         4.2401123047e-01, -8.4869384766e-01, -2.8015136719e-01,
         2.2975826263e-01, -6.7233276367e-01,  1.3913989067e-01,
         1.7869262695e+00, -1.9882488251e-01,  4.6478271484e-01,
         3.4521102905e-02, -1.9152832031e+00, -2.3261718750e+00,
         4.8476028442e-01,  2.5249481201e-01, -1.7115020752e-01,
         5.7116699219e-01,  3.1859564781e-01,  5.4332733154e-01,
         1.8358230591e-01, -1.2474060059e-01,  1.1969232559e-01,
        -2.1325111389e-01, -2.0082092285e-01,  6.3189697266e-01,
        -5.1227569580e-02,  6.0083007812e-01, -3.8837432861e-02,
        -6.6107177734e-01,  7.0481872559e-01,  4.0244674683e-01,
        -9.9304199219e-01,  1.5204620361e-01, -1.1171569824e+00,
         4.9699020386e-01, -1.0671615601e-02,  3.1790161133e-01,
        -3.9118957520e-01,  1.6332340240e-01,  1.4213180542e-01,
        -3.5904693604e-01,  6.2294006348e-03,  1.6714954376e-01,
         2.8005218506e-01, -2.6046371460e-01,  1.3004150391e+00,
         1.0238494873e+00,  1.6903686523e-01,  8.4883117676e-01,
        -5.3302383423e-01,  1.5888762474e-01,  3.2977247238e-01,
         6.3427734375e-01,  1.5960693359e-02,  1.2019653320e+00,
        -8.7847900391e-01,  6.7791938782e-02,  4.6649932861e-01,
        -4.6615600586e-03,  9.6813964844e-01,  1.5748596191e-01,
         1.7444610596e-02, -2.3893833160e-02,  3.1764936447e-01,
         6.3865661621e-01,  2.1861839294e-01,  5.0262212753e-03,
         1.3176918030e-01,  6.1854553223e-01,  7.7271842957e-01,
         1.7832607031e-01,  1.1888351440e+00,  1.2734031677e-01,
         6.1300659180e-01,  4.3965148926e-01, -2.9428005219e-03,
         3.3447265625e-01,  2.2572021484e+00,  8.0847167969e-01,
         6.6198730469e-01,  5.7855987549e-01,  3.6888790131e-01,
         6.8383789062e-01,  5.5914103985e-02,  3.6276054382e-01,
         1.3026046753e-01,  4.1744995117e-01, -4.4113159180e-01,
         3.7922000885e-01, -1.6444206238e-02,  2.8979492188e-01,
         3.6869907379e-01, -6.1280059814e-01,  4.7710037231e-01,
         7.7130556107e-02, -1.5120697021e-01,  3.4305572510e-01,
         2.5411987305e-01,  3.8197326660e-01,  3.9929580688e-01,
        -1.1528015137e-01,  1.2804412842e+00,  9.3980789185e-02,
         1.5870571136e-01,  3.7336349487e-02,  7.8366088867e-01,
         2.9527282715e-01, -5.7176589966e-02,  4.4387817383e-01,
         4.6247863770e-01,  1.1620974541e-01,  8.1115722656e-01,
         5.1076507568e-01, -6.4697265625e-01,  6.7579650879e-01,
        -1.2001800537e-01, -2.4728965759e-01, -1.2126350403e-01,
        -1.6838378906e+00,  2.2943115234e-01,  1.4244365692e-01,
        -1.3958740234e+00, -2.2002410889e-01,  4.4092655182e-02,
         2.9651641846e-02, -3.7622451782e-02,  5.7145690918e-01,
         4.2266750336e-01, -1.3506603241e-01, -3.9350509644e-01,
         1.5483760834e-01,  4.3713760376e-01,  1.6239166260e-01,
         6.0361862183e-02,  9.0375518799e-01,  1.2105102539e+00,
        -1.6521263123e-01,  2.1459484100e-01,  1.4543457031e+00,
         2.6437950134e-01,  7.9189777374e-02,  4.1217136383e-01,
         2.0145263672e+00, -1.3178443909e-01,  1.6505126953e+00,
        -4.4178009033e-02,  5.9651184082e-01,  6.1547660828e-01,
         9.0463256836e-01,  1.7543411255e-01,  2.4459576607e-01,
         2.1266365051e-01, -4.5733070374e-01,  2.2537851334e-01,
        -1.7875671387e-01,  5.3916931152e-02,  1.7354965210e-01,
        -9.9583625793e-02,  1.8511295319e-02,  8.3522796631e-01,
         1.7074584961e-02,  6.0156250000e-01,  4.3548583984e-02,
        -2.6814651489e-01,  1.7158651352e-01,  1.2122726440e-01,
         1.9002199173e-01,  5.2542877197e-01, -5.0671386719e-01,
         3.1574630737e-01,  7.7072381973e-02, -2.8049945831e-03,
        -4.5838928223e-01, -1.3801269531e+00,  4.9187946320e-01,
         4.8264455795e-01,  4.7700881958e-02,  2.6013946533e-01,
         1.8557929993e-01,  1.5053498745e-01, -2.0417881012e-01,
         3.0891418457e-01,  7.0114898682e-01, -9.7816467285e-02,
         1.5490150452e-01,  5.7480621338e-01,  1.4435424805e+00,
         3.9880371094e-01,  6.8436431885e-01, -8.2256317139e-02,
         9.6771240234e-01,  4.3408012390e-01,  2.9196166992e-01,
         3.8372802734e-01,  1.8837547302e-01,  1.4385681152e+00,
         7.3194503784e-02,  3.3075714111e-01,  6.1337471008e-02,
         2.7413177490e-01,  1.2831878662e-01, -1.8971633911e-01,
        -3.2743835449e-01,  1.9636058807e-01,  2.5671386719e-01,
         1.4876317978e-01,  1.2406158447e-01,  3.0515289307e-01,
         1.3156738281e+00,  3.8195610046e-02,  2.4251937866e-01,
         7.9231262207e-02,  5.4462194443e-02,  9.2737579346e-01,
         3.7617111206e-01,  2.2788810730e-01,  9.0358674526e-02,
         4.6586608887e-01,  1.3997530937e-01, -4.7625732422e-01,
         3.7619209290e-01,  1.3935959339e-01,  1.1815490723e+00,
         2.0760917664e-01,  4.8891067505e-02,  1.7809581757e-01,
         2.7005615234e+00,  8.2548618317e-02,  3.1961059570e-01,
        -7.4987792969e-01,  5.6756591797e-01,  3.9841175079e-02,
         1.8499755859e-01,  8.0250549316e-01,  5.9730529785e-02,
        -1.2232017517e-01,  2.2150135040e-01,  4.9186706543e-01,
         7.3886871338e-02, -1.6948699951e-02,  2.4028778076e-01,
         3.2339572906e-02, -2.5432586670e-01,  8.8195800781e-01,
         6.1012148857e-02, -1.4017915726e-01,  4.2966461182e-01,
        -1.8971204758e-02, -1.9280242920e-01,  1.4014220238e-01,
        -2.0414113998e-02,  5.6200790405e-01,  6.9780826569e-02,
         9.2314481735e-02, -1.0118103027e+00, -5.1079177856e-01,
         4.6612548828e-01, -1.1024169922e+00,  5.9841918945e-01,
        -6.4999103546e-02,  1.8224716187e-03,  8.5963249207e-02,
        -2.4011230469e-01,  5.1985168457e-01,  6.3610076904e-03,
         1.4826250076e-01, -3.2079696655e-02, -3.7722778320e-01,
         2.4545907974e-01,  5.0226807594e-02,  9.7195923328e-02,
         2.0440673828e-01,  5.8787536621e-01,  7.8722381592e-01,
         5.7115554810e-01,  4.4559478760e-02, -4.5967292786e-01,
        -1.2480468750e+00,  2.7966308594e-01, -2.3962402344e-01,
         2.8106689453e-02,  1.3039398193e-01,  7.5553894043e-01,
         7.5791954994e-02,  2.9753112793e-01,  5.7689285278e-01,
        -4.8988342285e-02,  3.4627532959e-01,  9.6121215820e-01,
         3.9415359497e-01,  2.8340721130e-01,  3.1147003174e-02,
        -9.3977355957e-01,  2.0153808594e-01,  1.6042518616e-01,
         7.0370483398e-01,  1.8456268311e-01,  1.1094055176e+00,
        -6.3411712646e-02, -3.7544345856e-01,  7.7273559570e-01,
         5.8764648438e-01,  7.5564575195e-01, -1.2925567627e+00,
         3.8025665283e-01,  6.8398952484e-02,  5.2314758301e-01,
         4.9740600586e-01, -1.3651733398e+00,  3.0580043793e-02,
         2.0899581909e-01, -1.0726928711e+00,  4.3354034424e-02,
         2.4089050293e-01, -2.5900268555e-01, -8.8046264648e-01,
        -1.5132904053e-01,  8.7120056152e-01, -8.4204673767e-02,
         8.4606933594e-01,  1.5906429291e-01,  8.9086914062e-01,
        -1.3659095764e-01, -8.4594726562e-02,  8.2122802734e-02,
         1.2828290462e-01,  1.7884521484e+00,  6.4022827148e-01,
         8.9782714844e-02,  1.0042419434e+00,  4.2155838013e-01,
         1.8079757690e-02,  3.1121826172e-01, -1.3185119629e-01,
         1.1191272736e-01,  5.2196264267e-02], device='cuda:0')
trans_ts_mem.layers.0.fc2.0.weight: tensor([[ 0.2366600037,  0.2015275955,  0.0857658386,  ...,
          0.0608520508, -0.1482779980, -0.0403218269],
        [ 0.2615127563,  0.1712913513,  0.0410534143,  ...,
          0.7704696655,  0.2789077759,  0.4762187600],
        [ 0.2114439011,  0.0771466494,  0.1236453056,  ...,
          0.2868957520,  0.2771079540, -0.0319632292],
        ...,
        [ 0.3632965088,  0.2780761719,  0.2973443866,  ...,
          0.6649398804,  0.7604484558,  0.1831607819],
        [-0.7882537842, -0.2476196289, -0.2282581329,  ...,
         -0.6258468628, -0.6227226257,  0.1831727028],
        [-0.6370620728, -0.1369647980, -0.1559486389,  ...,
         -0.6291122437, -0.4626045227,  0.0129686594]], device='cuda:0')
trans_ts_mem.layers.0.fc2.0.bias: tensor([ 0.4979782104,  1.5751597881,  0.6059265137, -2.2536621094,
        -3.9290771484, -2.3582763672, -9.6767578125,  1.4659423828,
         0.0125389099,  1.0777587891,  0.2742309570,  0.2380218506,
         0.2647018433, -4.4782714844,  0.1235656738, -0.2996215820,
        -5.2204589844,  0.0223693848, -0.9880752563, -2.3049926758,
         0.9054565430, -0.1147460938, -1.0338134766,  3.3612060547,
        -3.1315917969,  1.5590744019,  2.7169189453, -0.6322326660,
         4.4990234375, -1.5923461914, -0.9132690430, -0.4353332520,
        -6.7290573120, -1.9081726074,  1.1343612671, -0.2470016479,
         0.1409072876,  0.3386230469,  5.3725585938, -1.7341308594,
         0.7913818359, -0.2470283508, -8.9985351562,  1.8661499023,
         1.9650878906, -3.8112792969,  0.1467895508, -1.8717041016,
        -1.5927886963,  1.6748657227,  0.2742614746,  1.2531738281,
        -0.0964126587, -0.4499046803,  2.6539764404, -0.6716003418,
         2.0598449707,  0.1114177704, -0.3171615601, -1.2985534668,
         7.5698242188,  1.0150756836,  5.3630371094, -1.0248413086,
         7.0195312500, -5.6152343750,  0.9152526855,  1.8115844727,
         2.3981323242,  3.6603393555, -2.6770019531,  1.9016113281,
         0.5631103516, -0.1937561035, -5.0556640625, -1.2131347656,
         2.3754882812, -0.8074035645,  2.0018920898,  0.2588806152,
         1.2636337280,  0.7745971680, -1.2673339844, -1.2230834961,
        -1.6860961914, -1.6862792969, -3.2873535156, -1.4378356934,
        -1.8414306641,  2.9245605469,  1.2344284058,  6.3687133789,
         1.7717895508,  1.3173828125,  1.6803588867,  0.2945861816,
        -0.4780654907,  3.3737182617,  1.1036224365, -1.4309234619,
        -0.4378032684, -0.4102172852, -2.4748840332,  2.3084106445,
        -1.9644470215, -1.2723236084,  1.5329895020,  0.4951324463,
        -1.3182830811,  0.0754756927,  2.5805664062, -2.0900878906,
        -0.9932861328,  3.2402343750,  0.5252075195,  2.9516601562,
        -1.3278121948, -0.6577033997,  0.5709838867, -0.7522583008,
         0.7742919922,  3.5676269531,  1.1885070801,  0.8011512756,
        -2.8942871094,  1.7646446228, -1.5393676758, -1.3928108215],
       device='cuda:0')
